"Pos","PIC","No.","Name","Class","Best Tm","Laps","Diff","Gap","Points","Make","Model","Color","Year","City","State","Sponsor","Email"
"1","1","609","Robert Gagliardo","Spec E46","2:11.352","4","","","100","BMW","330ci","Silver","2001","RICHMOND","VA","",""
"2","2","718","Ali Salih","Spec E46","2:12.030","4","4.370","4.370","90","BMW","330i","Blue","2001","Wooster","OH","Bimmerworld and McB Autosport",""
"3","3","22","Michael Shawhan","Spec E46","2:13.020","4","5.821","1.451","85","BMW","330Ci","Blue","2001","los gatos","CA","BTM Motorwerks",""
"4","4","29","Richard M. Bocanegra","Spec E46","2:13.435","4","8.208","2.387","80","BMW","330i","Silver","2001","Bergenfield","NJ","Rogue Engineering",""
"5","5","66","Chadwick Morehead","Spec E46","2:13.662","4","12.704","4.496","75","BMW","330Ci","White","2001","Lexington","SC","Morehead Speed Works",""
"6","6","177","Joe Fuchs","Spec E46","2:13.715","4","12.908","0.204","70","BMW","330","Blue","2001","Amityville","NY","Cool Fox",""
"7","7","9","Mason Meredith","Spec E46","2:13.797","4","13.170","0.262","69","BMW","330Ci","Blk/Wht/Orange","2002","Powell","OH","Precise Vibration & Alignment",""
"8","8","620","Damion Moses","Spec E46","2:13.189","4","13.318","0.148","68","BMW","330ci","Gray/Red","2001","Evans","GA","Taylor BMW",""
"9","9","514","Jason Tower","Spec E46","2:13.151","4","13.910","0.592","67","BMW","330","Silver","2003","Cary","NC","spece46.com",""
"10","10","971","Aristotle Balogh","Spec E46","2:12.992","4","14.447","0.537","66","BMW","330i","Black","2002","Menlo Park","CA","",""
"11","11","67","Scott Rosen","Spec E46","2:15.188","4","22.028","7.581","65","BMW","330Ci","Black","2001","Swampscott","MA","",""
"12","12","166","Mathieu Lussier","Spec E46","2:15.476","4","22.717","0.689","64","BMW","330ci","Grey","2002","Malvern","PA","",""
"13","13","770","Matt Eastling","Spec E46","2:16.572","4","27.675","4.958","63","BMW","330ci","Black","2001","Winston-Salem","NC","",""
"14","14","141","Jeffrey Hall","Spec E46","2:17.576","4","28.191","0.516","62","BMW","E46","Silver/Blue","2001","Winston Salem","NC","Hall Insurance",""
"15","1","60","Jason Stanley","944 Spec","2:19.671","4","1:07.642","39.451","100","Porsche","944","Yellow","1983","Fayetteville","NC","Track Monkey Apparel",""
"16","2","116","Shannon McCue","944 Spec","2:21.529","4","1:18.126","10.484","90","Porsche","944","Red","1989","Chagrin Falls","OH","",""
"17","1","74","Robert Grace","SpecE30","2:17.023","4","1:22.023","3.897","100","BMW","325i","Orange","1990","Sterling","VA","",""
"18","2","12","Larry Fraser","SpecE30","2:17.801","4","1:24.639","2.616","90","BMW","325is","White","1989","Novato","CA","",""
"19","3","125","Alex Barroso","SpecE30","2:17.622","4","1:24.679","0.040","85","BMW","325i","Red/White","1989","Sugar Hill","GA","",""
"20","4","134","Rob Eskew","SpecE30","2:17.950","4","1:25.278","0.599","80","BMW","E30","Blue","1990","Atlanta","GA","Markert Motor Works",""
"21","5","007","Anthony Magagnoli","SpecE30","2:17.810","4","1:25.390","0.112","75","BMW","325is","Black","1987","Dexter","MI",""DriveFasterNow.com",""
"22","6","32","Sandro Espinosa","SpecE30","2:17.630","4","1:26.132","0.742","70","BMW","325i","Chupacabra","1987","Alpharetta","GA","MBTB Racing",""
"23","7","40","Ryan Whitinger","SpecE30","2:19.246","4","1:31.044","4.912","69","BMW","325is","Copper/White","1989","Flowery Branch","GA","RAAW Motorsports",""
"24","3","57","Shane Denney","944 Spec","2:25.062","4","1:32.558","1.514","85","Porsche","944","Blue","1987","Springfield","IL","Denney Jewelers",""
"25","4","048","Steve Brewster","944 Spec","2:23.663","4","1:33.590","1.032","80","Porsche","944","White/Red","1985","Pickerington","OH","",""
"26","8","711","Mark Issa","SpecE30","2:19.673","4","1:33.773","0.183","68","BMW","325","Silver","1990","Atlanta","GA","Mute Media",""
"27","9","20","James Mertz","SpecE30","2:19.803","4","1:34.112","0.339","67","BMW","318is","Red","1991","Saylorsburg","PA","StoogeMoe Racing",""
"28","10","13","T.J. Joyce","SpecE30","2:19.518","4","1:34.565","0.453","66","BMW","325i","Monaco Orange","1989","Catonsville","MD","TPC Racing/Automotive Training Institute",""
"29","15","163","Lyn Hurd","Spec E46","2:34.110","4","1:37.105","2.540","61","BMW","330i","Grey","2002","Kitty Hawk","NC","",""
"30","11","89","Andrew Von Charbonneau","SpecE30","2:19.259","4","1:37.406","0.301","65","BMW","","Red","","Delray Beach","FL","Rossini Racing Wine & Old Dog Racing Crown and Cok",""
"31","12","31","Ty Young","SpecE30","2:20.443","4","1:37.522","0.116","64","BMW","E30","Grey","1989","Atlanta","GA","Ty J Young Inc. Wealth Management",""
"32","13","28","Brian Edmonds","SpecE30","2:19.712","4","1:38.070","0.548","63","BMW","325i","Black","1989","Germantown","TN","BPE Motorsport",""
"33","14","313","John Clark","SpecE30","2:20.562","4","1:40.099","2.029","62","BMW","325i","White","1990","Atlanta","GA","",""
"34","15","477","Chris Allen","SpecE30","2:19.700","4","1:40.253","0.154","61","BMW","325is","Black","1988","Rydal","PA","",""
"35","16","174","Oscar Edmonds","SpecE30","2:21.576","4","1:44.434","4.181","60","BMW","325i","Red","1987","Germantown","TN","",""
"36","17","81","Raphael S Prato Jr","SpecE30","2:20.298","4","1:45.310","0.876","59","BMW","325is","Silver","1989","Ringwood","NJ","",""
"37","18","028","Cody Kishel","SpecE30","2:20.056","4","1:45.459","0.149","58","BMW","325i","Blue","1990","Roswell","CA","",""
"38","19","14","Chris Cobetto","SpecE30","2:21.974","4","1:46.658","1.199","57","BMW","E30","Black/Red","1988","Montpelier","VA","",""
"39","20","1","Richard Montoni","SpecE30","2:21.035","4","1:46.764","0.106","56","BMW","325is","Green","1987","Baltimore","MD","",""
"40","21","15","Aaron Whitinger","SpecE30","2:22.505","4","1:48.155","1.391","55","BMW","325i","Blue/White","1989","Flowery Branch","GA","",""
"41","22","105","Robert "Honda Challenge" Casella","SpecE30","2:21.442","4","1:48.223","0.068","54","BMW","325is","Blue","1987","","NJ","Sue and Lynn",""
"42","23","87","Michael Kovac","SpecE30","2:21.950","4","1:49.130","0.907","53","BMW","325i","Blue","1988","Bloomfield","NJ","",""
"43","24","39","Jason Griscavage","SpecE30","2:21.898","4","1:49.498","0.368","52","BMW","325is","White","1989","Springfield","VA","",""
"44","25","00","Dan Raver","SpecE30","2:21.184","4","1:49.782","0.284","51","BMW","325is","Red","1989","Reisterstown","MD","",""
"45","26","54","Eric Pennington","SpecE30","2:22.176","4","1:49.806","0.024","50","BMW","325is","Red","1988","Indianapolis","IN","FASTtech",""
"46","1","72","Wayne Moubray","Spec3","2:18.781","4","1:50.097","0.291","100","BMW","325is","Silver","1995","Reston","VA","RRT Racing",""
"47","2","92","Robin Sparrow","Spec3","2:18.309","4","1:50.817","0.720","90","BMW","325is","Red","1995","Arlington","VA","RRT",""
"48","3","07","Jon McAvoy","Spec3","2:18.996","4","1:51.338","0.521","85","BMW","325i","White/ Red","1994","Arlington","VA","www.rrtracing.com",""
"49","27","190","Lawrence Canzone","SpecE30","2:22.024","4","1:52.545","1.207","49","BMW","325","Blue/White/Black","1986","Brentwood","NY","",""
"50","4","8","Simon Kim","Spec3","2:19.109","4","1:53.236","0.691","80","BMW","325i","Red","1993","Chantilly","VA","",""
"51","28","97","Rina Balogh","SpecE30","2:23.514","4","1:55.167","1.931","48","BMW","E30","White","1991","Menlo Park","CA","",""
"52","29","58","Carter Hunt","SpecE30","2:23.255","4","1:55.343","0.176","47","BMW","325i","Yellow","1990","Raleigh","NC","ChemStation",""
"53","30","88","Andrew Zimmermann","SpecE30","2:22.479","4","1:55.478","0.135","46","BMW","325i","Gray","1989","Cinnaminson","NJ",""Drive-gear.com",""
"54","31","4","Ed Cangialosi","SpecE30","2:21.973","4","1:55.669","0.191","45","BMW","325","Black","1987","White Plains","NY","Reparto Corse",""
"55","5","61","Joey Thomas","Spec3","2:19.551","4","1:56.662","0.993","75","BMW","325is","Black","1993","Accident","MD","Lakeside Dock Sales",""
"56","32","152","Shawhan Racing","SpecE30","2:22.724","4","2:02.773","6.111","44","BMW","325is","Laguna Seca Blue","1988","Los Gatos","CA","BMS Racing",""
"57","33","6","Scott Gress","SpecE30","2:22.635","4","2:04.416","1.643","43","BMW","325is","Silver","1987","Savannah","GA","",""
"58","34","153","Samuel Jadczak","SpecE30","2:23.976","4","2:06.428","2.012","42","BMW","E30","Blue","1989","Hatboro","PA","PJ Auto Repair",""
"59","35","19","Walter Araya","SpecE30","2:28.815","4","2:21.814","15.386","41","BMW","325i","Blue/Silver","1991","Canton","GA","International Auto Racing Team",""
"60","5","119","John Torgersen","944 Spec","2:39.636","3","1 Lap","1 Lap","75","Porsche","944","Red","1986","Beaufort","SC","",""
"61","36","139","David Hickey","SpecE30","2:40.124","3","1 Lap","17.349","40","BMW","325is","Gold","1989","Lawrenceville","GA","Leprechaun Racing",""
"DQ","DQ","110","Mike Cooper","944 Spec","2:19.405","4","DQ","","0","Porsche","944","Red","1985","Golden Valley","MN","",""
