"Pos","PIC","No.","Name","Class","Best Tm","Laps","Diff","Gap","Points","Make","Model","Color","Year","City","State","Sponsor","Email"
"1","1","73","Christopher Haldeman","Spec Miata","2:19.211","2","","","100","Mazda","Miata","Black","1999","Mckinney","TX",""X-factorracing",""
"2","2","450","Ralle Rookey","Spec Miata","2:18.978","2","0.212","0.212","90","Mazda","Miata","Black","1990","Suffield","CT",""Rossini Racing Products",""
"3","3","10","Mark Drennan","Spec Miata","2:19.186","2","0.317","0.105","85","Mazda","Miata","Blue","2001","San Jose","CA",""NoWifeNoKids",""
"4","4","44","Tyler Kicera","Spec Miata","2:19.254","2","0.762","0.445","80","Mazda","Miata","Red","2002","Manheim","PA","Kessler Engineering | TAIT | Opti-Grip | SPYoptics",""
"5","5","156","Todd Buras","Spec Miata","2:19.433","2","1.276","0.514","75","Mazda","Miata","Orange","2002","Melbourne","FL",""Krispy Kreme Doughnuts",""
"6","6","42","Preston Pardus","Spec Miata","2:19.238","2","1.572","0.296","70","Mazda","Miata","Red","2003","New Smyrna Beach","FL","Danus Utilities/ Rossini Racing Products/ ODR",""
"7","7","39","Danny Steyn","Spec Miata","2:18.928","2","3.425","1.853","69","Mazda","Miata","Blue/Orange","1999","Fort Lauderdale","FL","Adept/Rossini/OPM/Traqmate/Traqgear/G-Loc",""
"8","8","97","Brian Henderson","Spec Miata","2:18.789","2","4.030","0.605","68","Mazda","Miata","White","1999","Falmouth","VA","Convience Car Care/Performance Auto Works",""
"9","9","90","Trevor McCallion","Spec Miata","2:19.737","2","4.034","0.004","67","Mazda","Miata","Blue","1999","Frisco","TX","X-Factor Racing / Gas Head Motorworks",""
"10","10","148","Ryan Fisher","Spec Miata","2:18.988","2","4.395","0.361","66","Mazda","Miata","White","1999","Powhatan","VA","",""
"11","11","65","Andrew von Charbonneau","Spec Miata","2:20.063","2","5.171","0.776","65","Mazda","Miata","Blue","2001","Delray Beach","FL","Rossini Racing Wine & Old dog racing crown and coke",""
"12","12","22","Michael Ross","Spec Miata","2:19.576","2","5.671","0.500","64","Mazda","Miata","White","2001","Friendswood","TX",""X-Factor Racing",""
"13","13","24","Daniel Williams","Spec Miata","2:21.940","2","7.082","1.411","63","Mazda","Miata","Blue","2001","Scottsbluff","NE","Panic motorsports",""
"14","14","169","Mark Gibbons","Spec Miata","2:20.200","2","8.928","1.846","62","Mazda","Miata","Purple/White","2001","SOUTHWEST RANCHES","FL","OLD DOGS RACING /CROWN ROYAL /ROSSINI RACING",""
"15","15","00","Marc Cefalo","Spec Miata","2:20.289","2","9.283","0.355","61","Mazda","Miata","Blue/Green","2002","Swoyersville","PA","planet-miata.com",""
"16","16","61","Tom Fowler","Spec Miata","2:21.261","2","9.860","0.577","60","Mazda","Miata","White","2001","Cumming","GA","",""
"17","17","40","Toby Linder","Spec Miata","2:21.159","2","10.449","0.589","59","Mazda","Miata","Blue / Black","1999","Dallas","TX","X-Factor Racing",""
"18","18","20","Brian Cates","Spec Miata","2:20.279","2","10.792","0.343","58","Mazda","Miata","Blue","1999","Gainesville","VA","Cates Engineering",""
"19","19","83","John Babot","Spec Miata","2:22.944","2","11.564","0.772","57","Mazda","Miata","Steel Grey","1999","Austin","TX","",""
"20","20","41","Jason Connole","Spec Miata","2:21.177","2","12.185","0.621","56","Mazda","Miata","Black/Yellow","2002","Raleigh","NC","Protech Bedliners / Rossini Racing Products / ODR",""
"21","21","62","Joseph "Joey G" Guinta","Spec Miata","2:21.272","2","12.481","0.296","55","Mazda","Miata","Silver/Black","2001","West Hempstead","NY","povoledotrackdays.com",""
"22","22","02","George Clos Jr","Spec Miata","2:23.154","2","13.432","0.951","54","Mazda","Miata","Silver","2003","Highlands Ranch","CO",""Nortown Automotive",""
"23","23","183","Xiang Li","Spec Miata","2:21.398","2","13.891","0.459","53","Mazda","Miata","Green/Black","1996","South Hadley","MA","",""
"24","24","79","Spencer Patterson","Spec Miata","2:20.848","2","13.985","0.094","52","Mazda","Miata","Blue","2001","Pittsburgh","PA","Regent Square Rentals",""
"25","25","71","Vaughn Duarte","Spec Miata","2:19.320","2","14.386","0.401","51","Mazda","Miata","Red","1992","Coppell","TX","DAL Motorsports/Ace Miatas & More",""
"26","26","0","Carter J White","Spec Miata","2:21.913","2","15.901","1.515","50","Mazda","Miata","Orange","1999","Houston","TX","Gas Head Motorworks / X-Factor / Doghouse Racing",""
"27","27","9","Xavier Calderon","Spec Miata","2:21.790","2","16.006","0.105","49","Mazda","Miata","Purple","1999","Chesapeake","VA","All Aspects / Injector Pulse",""
"28","28","188","Michael LaMaina","Spec Miata","2:22.217","2","17.192","1.186","48","Mazda","Miata","Silver","1999","Oaklyn","NJ","LaMainiac Motorsports",""
"29","29","19","Stephen Jeu","Spec Miata","2:24.257","2","21.030","3.838","47","Mazda","Miata","Blue/Green","1999","Houston","TX","Thunderbyrd Energy Services",""
"30","30","28","John Wechsler","Spec Miata","2:23.679","2","21.273","0.243","46","Mazda","Miata","Blue","1999","Greenwich","CT","Kessler Eng/PovoledoTrackDays.com",""
"31","31","17","Whitfield Gregg","Spec Miata","2:26.203","2","23.488","2.215","45","Mazda","Miata","Black","1999","New York","NY","Flatout Motorsports",""
"32","32","88","Jason Walsh","Spec Miata","2:26.433","2","24.532","1.044","44","Mazda","Miata","Green","1999","Scotssbluff","NE","",""
"33","33","55","Brian Tone","Spec Miata","2:25.691","2","24.810","0.278","43","Mazda","Miata","Green","1999","Buford","GA","Tone Motorsports",""
"34","34","77","Tony Senese","Spec Miata","2:26.136","2","25.708","0.898","42","Mazda","Miata","Purple","1997","Shaftsbury","VT","POS Motorsports",""
"35","35","36","Lance Bergstein","Spec Miata","2:25.738","2","25.911","0.203","41","Mazda","Miata","Green","1999","New York City","NY","Planet-Miata",""
"36","36","25","Adam Culley","Spec Miata","2:25.986","2","26.923","1.012","40","Mazda","Miata","Green","1999","Montpelier","VA","Auto Paint Supply",""
"37","37","64","Keith Williamson","Spec Miata","2:26.174","2","27.609","0.686","39","Mazda","Miata","Maroon","1999","Milton","GA","WatchToolsonline.com",""
"38","38","199","Scott Dennewitz","Spec Miata","2:26.394","2","28.184","0.575","38","Mazda","Miata","Red","1995","Normal","IL","Dennewitz Racing",""
"39","39","228","Ken Wilkinson","Spec Miata","2:26.315","2","28.234","0.050","37","Mazda","Miata","Black","1999","Midlothian","VA","",""
"40","40","27","Sara Hankenson","Spec Miata","2:26.488","2","29.375","1.141","36","Mazda","Miata","Grey","1999","Lakewood","CO","Autobahn Tire and Wheel",""
"41","41","05","Michael Globe","Spec Miata","2:27.598","2","30.986","1.611","35","Mazda","Miata","Black","1994","Houston","TX","",""
"42","42","18","Jonathan Miller","Spec Miata","2:33.003","2","33.704","2.718","34","Mazda","Miata","Red/Black","1999","Orange","CA","Planet-Miata",""
"43","43","98","Jimmy Myers","Spec Miata","2:39.855","1","1 Lap","1 Lap","33","Mazda","Miata","Red","2002","Rockville","VA","Auto Paint Supply Co.",""
"DNF","DNF","56","Blake Clements","Spec Miata","","","DNF","1 Lap","17","Mazda","Miata","Grey","2002","Houston","TX","CBR/OPM Autosports/G-Loc Brakes",""
"DNF","DNF","114","Amy Mills","Spec Miata","","","DNF","0.453","17","Mazda","Miata","Black/Pink","1999","New York","NY","",""
"DNF","DNF","16","Mike Rossini","Spec Miata","","","DNF","6.495","17","Mazda","Miata","Red","2005","Belews Creek","NC","Rossini Engines",""
