"Pos","PIC","No.","Name","Class","Overall BestTm","Appeared","Diff","Gap","Points","Make","Model","Year","Color","City","State","Sponsor","Email"
"1","1","t79","Jake Namer","TT3","1:09.713","4","","","0","Mazda","RX-7","2007","Gray/Black","New York","NY","","jakenamer@gmail.com"
"2","1","t98","Benjamin Lesnak","TTU","1:10.105","2","0.392","0.392","0","Chevrolet","Corvette","","Gray","","","",""
"3","1","t5","Alan Cohen","TT2","1:11.041","1","1.328","0.936","0","Cadillac","CTS-V","2009","Silver","","","",""
"4","2","t46","Chris DeFelice","TT3","1:11.344","3","1.631","0.303","0","BMW","","","Silver","","","",""
"5","2","t666","Aaron Dant","TT2","1:11.807","2","2.094","0.463","0","Mitsubishi","Evo","","Black","","","",""
"6","3","777","Chris Rallo","TT3","1:11.943","2","2.230","0.136","0","Ford","Mustang","2005","Black","Mt Laurel","NJ","","ralloracing@gmail.com"
"7","4","t336","Jonathan Vasquez","TT3","1:13.680","1","3.967","1.737","0","BMW","","","Black","middle village","NY","","jvracing127@aol.com"
"8","2","77G","Jeff Ricca","TTU","1:13.813","1","4.100","0.133","0","Hyundai","Genesis","2012","White","","","",""
"9","1","t373","Timothy Brownawell","TTB","1:14.818","3","5.105","1.005","0","Nissan","350Z","","Red","Harrisburg","PA","","timothybrownawell@comcast.net"
"10","5","t924","Brian Puca","TT3","1:14.832","1","5.119","0.014","0","Mitsubishi","Evo GSR","2010","Black","Morrisville","PA","","blkevoviii@yahoo.com"
"11","6","t66","Bernie Hover","TT3","1:15.559","2","5.846","0.727","0","Chevrolet","Camaro","2010","Orange","","","",""
"12","7","t5G","Adam Hessel","TT3","1:17.376","1","7.663","1.817","0","BMW","M3","2004","Watermelon","","","",""
"13","3","147","Randy Petschauer","TTU","1:19.751","1","10.038","2.375","0","Mazda","Miata","1999","Black","","","",""
"14","1","t2","Stuart Phillips","TTC","1:20.301","1","10.588","0.550","0","Acura","Integra","","White","","","",""
"15","1","t521","Peter McIntosh","TTD","1:20.537","1","10.824","0.236","0","Toyobaru","FAT-86","2013","White","","","AZP Installs",""
"16","2","t98G","Bill Mandra","TTB","1:20.913","4","11.200","0.376","0","BMW","Z4 M","2014","Silver","","","",""
"17","3","t153","Sam Jadczak","TTB","1:21.170","4","11.457","0.257","0","BMW","325i","1989","Bronze/D.Red","Horsham","PA","","samjadczak@yahoo.com"
"18","4","t521","Mikey Points","TTU","1:21.519","1","11.806","0.349","0","Toyobaru","FAT-86","2013","White","","","AZP Installs",""
"19","5","t3","Eric Kaul","TTU","1:23.688","2","13.975","2.169","0","BMW","Loaner","","Gray","","","",""
"20","2","t20","Michael Patterson","TTC","1:23.878","1","14.165","0.190","0","BMW","M3","1988","White","","","",""
"21","4","t551","Amy Dilks","TTB","1:26.604","1","16.891","2.726","0","Mazda","Miata","","Silver","","","",""
"22","1","t17","Luis","TTE","1:27.060","1","17.347","0.456","0","Mazda","Miata","","Shark Attack","","","",""
"23","6","H587","Robert March, Jr.","TTU","","1","","","0","Ferrari","360 Challenge","2001","Red","","","",""
