Pos,PIC,No.,Name,Class,Overall BestTm,Appeared,Diff,Gap,Points,Make,Model,Year,Color,City,State,Sponsor,Email
1,1,969,Michael Ellis,TTU,01:10.0,4,,,0,Chevrolet,Corvette Z06,2010,Black,,,,
2,1,21,Thai Diep,TTA,01:13.8,4,3.836,3.836,0,Honda,S2000,2001,Yellow,Carlisle,PA,,taidiep@gmail.com
5,1,613,Joey G,GTS3,01:15.4,3,5.378,0.679,0,Porsche,911,,White,,,,
6,2,373,Timothy Brownawell,TTA,01:15.6,4,5.609,0.231,0,Mitsubishi,EVO,2008,Grey,Harrisburg,PA,,timothybrownawell@comcast.net
7,1,99,Benjamin Lesnak,TTB,01:15.8,4,5.809,0.2,0,Chevrolet,Corvette,2001,Black,,,,benlesnak@gmail.com
8,2,13,Edgar Cabrera,TTB,01:15.8,3,5.81,0.001,0,BMW,M3,,Gray,,,,
9,1,43,Pinnacle Racing,GTS4,01:15.9,2,5.941,0.131,0,BMW,M3,1995,Blue,Huntington Station,NY,,dm930@verizon.net
10,3,836,Brian Finn,TTA,01:16.0,4,5.987,0.046,0,Porsche,911 Carrera,2006,Black,,,,
11,3,35,Carl Mehne,TTB,01:16.1,4,6.134,0.147,0,BMW,135i,2008,Grey,,,,
12,4,79,Jake Namer,TTA,01:16.2,4,6.187,0.053,0,Subaru,STi,,Black,New York,NY,,jakenamer@gmail.com
13,1,38,Nicholas Fontana,TTC,01:18.6,4,8.592,2.405,0,Porsche,911,1992,Blue,,,,
14,1,33,Matt Bookler,PTC,01:19.8,4,9.785,1.193,0,Honda,Civic,1993,Black,North Wales,PA,,speedracer33@gmail.com
15,1,666,Danskin,,01:20.0,4,9.981,0.196,0,BMW,,,Dark Green,,,,
16,2,646,Ronald Cohen,GTS3,01:20.1,4,10.133,0.152,0,Porsche,944 Turbo,1989,Silver/Blue,,,,ron@francorestoration.com
18,1,21x,Terry Shenk,Instructor,01:21.0,4,11.016,0.01,0,Ford,Mustang,,Yellow,,,,
19,2,469,Red Baron,,01:22.7,4,12.732,1.716,0,BMW,,E30,Red,,,,
20,5,404,Peter Tiebout,TTA,01:24.8,2,14.756,2.024,0,Mitsubishi,EVO,2006,Grey,West Chester,PA,,petertiebout@comcast.net
21,1,99,Tony Senese,Spec Miata,01:26.5,1,16.445,1.689,0,Mazda,Miata,1994,Black,shaftsbury,VT,,tonys@nosenseyet.com
22,1,3,John Shafer,RTA-U,01:27.8,1,17.81,1.365,0,Mitsubishi,Evo X,,Black,,,Akuma,
25,1,24,AJ Hartman,American Iron,01:50.2,1,40.192,21.657,0,Ford,Mustang GT,1999,Black,Clementon,NJ,,adam_hartman@hotmail.com
