"Pos","PIC","No.","Name","Class","Best Tm","Laps","Diff","Gap","Points","Make","Model","Color","Year","City","State","Sponsor","Email"
"1","1","1","Thomas Soriano","Super Unlimited","1:21.305","16","","","100","Porsche","GT3-R Twin Turbo","Black","2000","Seymour","CT","","TFSORIANO@aol.com"
"2","1","27","Devon Gregory","Super Touring 2","1:21.602","16","5.387","5.387","100","Subaru","STi","Silver","2005","","CT","EFI Logics",""
"3","1","211","Kurt Hissong","GTS5","1:21.345","16","6.592","1.205","100","BMW","M3","black","1999","Kennebunk","ME","","khissong@hissongdevelopment.com"
"4","1","152","Paul Sedacca","GTS3","1:23.236","16","17.355","10.763","100","BMW","E36 325is","Red/White","1994","cherry hill","NJ","","psedacca@yahoo.com"
"5","1","061","Michael Gershanok","GTS4","1:24.087","16","22.462","5.107","100","BMW","M3","blue","1999","Closter","NJ","","mgershanok@motorsportsne.com"
"6","2","149","Kevin Burns","Super Unlimited","1:24.147","16","24.399","1.937","90","Shannon","ProSport","orange white blue","1994",""Hauppauge","Long Island"","","kcburmec@aol.com"
"7","1","33","Ronald Landis","Super Touring 1","1:24.039","16","27.147","2.748","50","chev","corvette","yellow","2008","sinking spring","PA","","rslandis@hotmail.com"
"8","2","64","Edward Phillips","GTS3","1:24.249","16","28.912","1.765","90","BMW","M3","black","1990","Mount Kisco","NY","","ephillips@kblaw.com"
"9","3","62","Steve Kwiat","GTS3","1:24.671","16","29.708","0.796","85","Porsche","Boxster S","Black","","","","",""
"10","1","320","Jason Lane","GTS2","1:23.901","16","29.991","0.283","100","BMW","M3","White","1988","Roslyn","NY","","996racer@gmail.com"
"11","2","55","John Schmid","GTS2","1:25.189","16","37.132","7.141","90","BMW","E30 M3","Black","1988","Edison","NJ","","john.p.schmid@jci.com"
"12","2","322","Thomas Koropchak","Super Touring 2","1:25.724","15","1 Lap","1 Lap","90","Volvo","S60 Challenge","Gulf Teal/Orange","2001","Wrightstown","NJ","","tjkoropchak11@transy.edu"
"13","4","37","Charles Belluardo","GTS3","1:25.204","15","1 Lap","1.594","80","Porsche","911","White","1990","Colts Neck","NJ","","chas911@aol.com"
"14","5","59","Michael Goulde","GTS3","1:25.024","15","1 Lap","11.275","75","BMW","328is","Black","1996","Needham Heights","MA","","mgoulde@gmail.com"
"15","2","43","Demetrios Mirissis","GTS4","1:28.730","15","1 Lap","22.117","90","Porsche","914-6","White / Orange","1973","Huntington Station","NY","","dm930@verizon.net"
"16","3","63","Mike Wilson","Super Touring 2","1:33.504","14","2 Laps","1 Lap","85","","","","","","PA","",""
"17","3","04","Tom Statknick","Super Unlimited","1:35.497","14","2 Laps","13.842","85","","","","","","","",""
"18","4","14","Michael Cohen","Super Unlimited","1:36.455","14","2 Laps","12.632","80","","","Red","","","NJ","",""
"19","2","13","Tom Ross","GTS5","1:25.764","12","4 Laps","2 Laps","90","Porsche","944 turbo","blue","1996","ocean","NJ","","tomjshore@aol.com"
"DNF","DNF","169","Marko R","GTS3","1:23.595","5","DNF","","37","Mini","Cooper S","Creamy","","","","",""
