"Pos","PIC","No.","Name","Class","Best Tm","Laps","Diff","Gap","Points","Make","Model","Color","Year","City","State","Sponsor"
"1","1","5","Ziggy Miejski","Super Touring 1","1:28.565","16","","","100","Chevrolet","Corvette","Red","2002","","",""
"2","1","66","Lawrence Lepurage","Super Unlimited","1:28.607","16","36.085","36.085","100","Chevrolet","Corvette","Yellow","","","",""
"3","1","70","Albert Watson","American Iron","1:32.729","16","1:04.225","28.140","100","Ford","Mustang","White","1989","Cranford","NJ",""
"4","2","93","Todd Honczarenko","American Iron","1:33.050","16","1:04.766","0.541","90","Ford","Mustang","Black","1989","","",""
"5","3","31","Dan Carlson","American Iron","1:33.138","16","1:05.804","1.038","85","Ford","Mustang","Black","1995","New York","NY","Realspeed"
"6","4","24","AJ Hartman","American Iron","1:33.503","16","1:06.612","0.808","80","Ford","Mustang GT","Blue","1999","Clementon","NJ",""
"7","1","274","Michal Kuna","GTS4","1:29.750","16","1:07.769","1.157","100","BMW","M3","Maroon","","","",""
"8","1","22","Hugh Stewart","GTS3","1:29.867","16","1:14.200","6.431","100","BMW","328","White/Red","1992","","",""
"9","2","28G","Shaun Ashley","GTS4","1:30.361","16","1:14.772","0.572","90","BMW","325","White","1992","","",""
"10","1","55","Paul Plemenos","Super Touring 2","1:32.874","16","1:18.680","3.908","100","Chevrolet","Corvette Z06","Blue","2006","Lake Hopatcong","NJ",""
"11","2","58","Richard Cox","Super Touring 1","1:33.682","16","1:20.770","2.090","90","Chevrolet","Corvette","Black","1999","","",""
"12","3","914","Jack Haberman","GTS4","1:31.969","16","1:21.167","0.397","85","BMW","M3","Black/Grey","2003","Chatham","NJ",""
"13","4","166","Mathieu Lussier","GTS4","1:31.404","16","1:25.556","4.389","80","BMW","M3","Gray/Orange","2005","","",""
"14","2","150","Ron Landis","Super Touring 2","1:33.061","16","1:27.242","1.686","90","Chevrolet","Corvette","Red","2001","","",""
"15","3","619","Adrian Wlostowski","Super Touring 2","1:34.527","16","1:28.145","0.903","85","Chevrolet","Corvette","Black","2010","","",""
"16","2","19","Luiz Serva","GTS3","1:33.217","16","1:29.086","0.941","90","BMW","M3","Black","1997","Southbury","CT",""
"17","4","92","John Gatzemeyer","Super Touring 2","1:33.980","16","1:29.497","0.411","80","Chevrolet","Corvette","Red","2001","Hillsborough","NJ","Elusive Racing "
"18","5","301","Mark Gaynor","GTS4","1:32.360","16","1:34.690","5.193","75","Porsche","Cayman","Black","2006","Martinsville","NJ",""
"19","5","15","Thom Baulisch","American Iron","1:34.968","16","1:35.492","0.802","75","Ford","Mustang Boss 302S","White","2013","Franklin Lakes","NJ",""
"20","6","302","Eric Fuehrer","American Iron","1:35.310","16","1:36.211","0.719","70","Ford","Mustang","White","2014","nescopeck","PA",""
"21","6","267","Brian Casella","GTS4","1:32.712","16","1:39.762","3.551","70","BMW","","Black","","","","VAC Motorsports"
"22","3","861","Robert Jackowitz","GTS3","1:34.005","15","1 Lap","1 Lap","85","BMW","M3","White","1999","","",""
"23","4","712","Chris Petersen","GTS3","1:33.400","15","1 Lap","1.186","80","BMW","M3","Black","2004","Wayne","NJ",""
"24","5","8","Frank Ferrara","GTS3","1:33.454","15","1 Lap","3.813","75","BMW","M3","Blue","2001","Oreland","PA",""
"25","7","618","Jeffrey Bennett","GTS4","1:33.135","15","1 Lap","1.322","69","Porsche","Cayman S","Silver","2006","New York","NY",""
"26","1","88NG","John Michael Stillwagon","American Iron Extreme","1:37.446","15","1 Lap","12.359","100","Ford","FR500S","White","2008","","",""
"27","5","299","Joseph Lattanzi","Super Touring 2","1:36.129","15","1 Lap","0.873","75","Chevrolet","Corvette","Blue/Silver","2007","","",""
"28","2","35","Stephen Tomasso","American Iron Extreme","1:37.197","15","1 Lap","2.007","90","Chevrolet","Z28 Camaro","White/Black","1998","Vineland","NJ",""
"29","3","891","Tom Otis","American Iron Extreme","1:36.955","15","1 Lap","0.165","85","Ford","Mustang","Blue","2004","","",""
"30","6","123","Eyal Adler","GTS3","1:34.242","15","1 Lap","0.896","70","BMW","135i","Gray","2008","","",""
"31","7","909","Foad Razavi","GTS3","1:35.199","15","1 Lap","21.490","69","BMW","M3","Silver","2003","","",""
"32","8","363","David Shields","GTS3","1:35.449","15","1 Lap","0.488","68","Porsche","Cayman","Blue/White","2007","","",""
"33","8","538","Rob McInerney","GTS4","1:33.818","15","1 Lap","1.681","68","Porsche","Cayman","White/Blue","2010","","",""
"34","9","53","Robert Goldlust","GTS3","1:35.420","15","1 Lap","0.886","67","BMW","M3","Red/Black","1996","Cherry Hill","NJ",""
"35","7","82","John Pattman","American Iron","1:39.542","15","1 Lap","6.757","69","Ford","Mustang","Blue","2008","Midland Park","NJ",""
"36","9","72","Matthew Gaetano","GTS4","1:36.067","15","1 Lap","13.704","67","BMW","M3","Yellow/Black","2003","White Plains","NY",""
"37","4","124","Bennie Bish","American Iron Extreme","1:40.432","15","1 Lap","15.566","80","Pontiac","Firebird","Black/Red","1995","Shrewsbury","MA","Bayside Appraisals"
"38","1","878","Michael Criscito","GTSU","1:34.317","14","2 Laps","1 Lap","100","Porsche","Cayman R","Black","2012","","",""
"39","10","152","Paul Sedacca","GTS3","1:39.960","14","2 Laps","49.846","66","BMW","E36 325is","Red/White","1994","cherry hill","NJ",""
"40","2","128","John Wechsler","Super Unlimited","1:40.014","14","2 Laps","22.550","90","Mazda","Miata","Blue","1999","","",""
"41","10","331","Michael Gershanok","GTS4","1:41.288","11","5 Laps","3 Laps","66","BMW","M3","L.Blue","","","",""
"DNF","DNF","136","Kazimierz Sperling","GTSU","","","DNF","","50","BMW","M3","White","1997","","",""
"DNF","DNF","717","Stephen Tullman","Super Unlimited","","","DNF","","45","Porsche","GT3 Cup","White","2012","","",""
"DQ","DQ","6","Meir Rigen","GTS3","1:43.457","3","DQ","","0","BMW","M3","White","1995","Brooklyn","NY","Park Avenue BMW"
