"Pos","PIC","No.","Name","Class","Best Tm","Laps","Diff","Gap","Points","Make","Model","Color","Year","City","State","Sponsor"
"1","1","33","Scott Mohr","Super Unlimited","1:23.897","10","","","100","Chevrolet","Corvette","Green","2003","","",""
"2","2","144","Bernardo Zozaya","Super Unlimited","1:27.234","10","23.469","23.469","90","Silver-Car","S2","Blue","2014","","",""
"3","1","11","Patrick McMahon","Super Touring 2","1:28.460","10","29.426","5.957","100","Factory Five","Spec Cobra","Gray/Black","","Danville","NH",""
"4","2","619","Adrian Wlostowski","Super Touring 2","1:28.716","10","29.862","0.436","90","Chevrolet","Corvette","Black","2010","Maspeth","NY","F.A.S.T. Auto"
"5","3","55","Paul Plemenos","Super Touring 2","1:27.963","10","31.006","1.144","85","Chevrolet","Corvette Z06","Blue","2006","Lake Hopatcong","NJ",""
"6","4","481","John George","Super Touring 2","1:29.125","10","32.560","1.554","80","Factory Five","Challenge","Blue","2005","","",""
"7","1","187","Edgar Cabrera","GTS4","1:26.934","10","32.844","0.284","100","BMW","M3","Gray","2004","Santo Domingo","DR","IMC"
"8","2","28","Shaun Ashley","GTS4","1:26.206","10","35.930","3.086","90","BMW","325","White/Black","1992","","",""
"9","1","70","Albert Watson","American Iron","1:30.782","10","41.425","5.495","100","Ford","Mustang","White","1989","Cranford","NJ",""
"10","3","267","Andrew Caddell","GTS4","1:27.999","10","41.661","0.236","85","BMW","","Black","","","","VAC Motorsports"
"11","5","38","Doug Winston","Super Touring 2","1:30.580","10","42.500","0.839","75","Chevrolet","Corvette","Yellow","","","",""
"12","2","93","Todd Honczarenko","American Iron","1:29.743","10","43.861","1.361","90","Ford","Mustang","Black","1989","","",""
"13","3","31","Dan Carlson","American Iron","1:31.004","10","47.960","4.099","85","Ford","Mustang","Black","1995","New York","NY","Realspeed"
"14","4","914","Jack Haberman","GTS4","1:29.117","10","48.485","0.525","80","BMW","M3","D.Gray","2003","Chatham","NJ",""
"15","1","22","Hugh Stewart","GTS3","1:28.446","10","48.961","0.476","100","BMW","328","White/Red","1992","","",""
"16","5","166","Mathieu Lussier","GTS4","1:29.500","10","49.503","0.542","75","BMW","M3","Gray/Orange","2005","","",""
"17","4","302","Eric Fuehrer","American Iron","1:32.221","10","52.247","2.744","80","Ford","Mustang","White","2014","nescopeck","PA",""
"18","2","8","Frank Ferrara","GTS3","1:29.549","10","53.014","0.767","90","BMW","M3","Blue","2001","Oreland","PA",""
"19","6","92","John Gatzemeyer","Super Touring 2","1:32.654","10","53.993","0.979","70","Chevrolet","Corvette","Red","2001","Hillsborough","NJ","Elusive Racing "
"20","6","301","Mark Gaynor","GTS4","1:31.126","10","59.468","5.475","70","Porsche","Cayman","Black","2006","Martinsville","NJ",""
"21","1","951","John Khoury","Super Touring 1","1:32.289","10","59.558","0.090","100","BMW","318is","White","1993","","",""
"22","5","24","AJ Hartman","American Iron","1:31.759","10","1:01.295","1.737","75","Ford","Mustang GT","Blue","1999","Clementon","NJ",""
"23","7","72","Matthew Gaetano","GTS4","1:31.168","10","1:02.622","1.327","69","BMW","M3","Yellow/Black","2003","White Plains","NY",""
"24","3","85","John DeFelice","GTS3","1:30.679","10","1:03.474","0.852","85","BMW","M3","Silver","2005","Oceanside","NY","SOH"
"25","6","82","John Pattman","American Iron","1:35.699","10","1:13.156","9.682","70","Ford","Mustang","Blue","2008","Midland Park","NJ",""
"26","4","909","Foad Razavi","GTS3","1:33.234","10","1:13.402","0.246","80","BMW","M3","Silver","2003","","",""
"27","5","123","Eyal Adler","GTS3","1:32.233","10","1:14.415","1.013","75","BMW","135i","Gray/Orange","2008","","",""
"28","1","136","Kazimierz Sperling","GTSU","1:32.469","10","1:15.171","0.756","50","BMW","M3","White","1997","","",""
"29","1","83","Chris D'Ambrosio","Super Touring 3","1:35.394","10","1:15.750","0.579","100","Cadillac","CTS-V","Silver","2005","Long Island","NY",""
"30","8","331","Michael Gershanok","GTS4","1:39.426","9","1 Lap","1 Lap","68","BMW","M3","L.Blue","","","",""
"31","3","170","Daniel Raver","Super Unlimited","1:25.678","9","1 Lap","10.327","85","Superlite Coupe","GT3","Green","2015","Reisterstown","MD","Agile Automotive Performance - Superlite Cars"
"32","7","150","Ron Landis","Super Touring 2","1:30.544","9","1 Lap","2.256","69","Chevrolet","Corvette","Red","2001","","",""
"33","4","66","Lawrence Lepurage","Super Unlimited","1:30.602","9","1 Lap","52.435","80","Chevrolet","Corvette","Yellow","","","",""
"34","2","5","Ziggy Miejski","Super Touring 1","1:25.094","7","3 Laps","2 Laps","90","Chevrolet","Corvette","Red","2002","","",""
"DNF","DNF","712","Chris Petersen","GTS3","1:37.693","2","DNF","5 Laps","38","BMW","M3","Black","2004","Wayne","NJ",""
"DNF","DNF","78","Jeff Ricca","Super Touring 3","1:36.196","1","DNF","1 Lap","90","Hyundai","Genesis","Gray","","","",""
"DNF","DNF","47","Jason Judd","GTS4","1:37.327","1","DNF","39.502","44","Porsche","968","Red","1995","","",""
"DQ","DQ","761","Chris Durbin","Super Touring 2","1:27.517","10","DQ","","0","Ford","Mustang","Black","2003","South Park","PA","Hawk, Rockland Gear"
"DQ","DQ","475","Ariel Jurmann","GTS4","1:33.107","3","DQ","","0","Porsche","911 Carrera","Silver","2005","","",""
