"Pos","PIC","No.","Name","Class","Best Tm","Laps","Diff","Gap","Points","Make","Model","Color","Year","City","State","Sponsor"
"1","1","78","Jeff Ricca","PTB","1:30.868","18","","","100","Hyundai","Genesis","Gray","","","",""
"2","1","530","Michael Sousa","GTS2","1:31.702","18","14.628","14.628","100","BMW","M3","Red","1997","","",""
"3","2","714","Aaron Turek","GTS2","1:32.147","18","15.853","1.225","90","BMW","M3","Green/Black/White","1997","South Windsor","CT","Munich Motorsports"
"4","3","336","Dan Harnick","GTS2","1:34.346","18","57.893","42.040","85","BMW","M3","Black","1998","NY","NY",""
"5","1","32","Jon Baker","Honda Chal 2","1:33.899","18","1:01.921","4.028","100","Acura","Integra","White/Gray","1998","","","#whiteteam"
"6","2","551","Amy Dilks","PTB","1:33.936","18","1:12.290","10.369","90","Subaru","WRX STi","Purple/Black","2004","","",""
"7","4","167","Michael Sabatello","GTS2","1:35.126","18","1:15.794","3.504","80","BMW","325i","White","1994","","",""
"8","2","36","Robert Casella","Honda Chal 2","1:35.493","18","1:25.219","9.425","90",""Honda"","Challenged","White","","","","#whiteteam"
"9","3","46","Michael Fries","Honda Chal 2","1:35.053","18","1:25.333","0.114","85","Honda","S2000","Yellow","2008","Westernville","NY","Lifted"
"10","4","517","Zephyr Belski","Honda Chal 2","1:35.088","18","1:27.821","2.488","80","Acura","Integra","L.Blue","1994","","","#blueteam"
"11","5","60","Michael Maduske","Honda Chal 2","1:35.503","17","1 Lap","1 Lap","75","Acura","Integra","White","1996","","","#whiteteam"
"12","6","7","Jan Wang","Honda Chal 2","1:35.161","17","1 Lap","4.698","70","Honda","Civic","Red","1992","Tenafly","NJ","#redteam"
"13","5","733","Ben Phillips","GTS2","1:37.347","17","1 Lap","23.125","75","Porsche","968","Black","1992","Booton","NJ","Big Speed Racing"
"14","7","219","Lenny Hong","Honda Chal 2","1:36.040","17","1 Lap","1.494","69","Acura","Integra","Red/Black","1997","","","#redteam"
"15","6","139","Edward Karabec","GTS2","1:38.016","17","1 Lap","3.599","70","BMW","E36","Black","1994","Scarboughrough","ME",""
"16","1","704","Marc Cefalo","Spec Miata","1:37.789","17","1 Lap","11.698","100","Mazda","Miata","Blue/Green","","","",""
"17","1","81","Ray Prato","SpecE30","1:39.061","17","1 Lap","22.848","100","BMW","325i","Silver","1989","Ringwood","NJ",""
"18","2","183","Xiang Li","Spec Miata","1:39.091","17","1 Lap","7.529","90","Mazda","Miata","Green/Black","1996","Amherst","MA",""
"19","2","88","Michael Kovac","SpecE30","1:39.224","17","1 Lap","1.284","90","BMW","325","White","1989","Bloomfield","NJ","Drivegear"
"20","3","782","Nicole Cooper","Spec Miata","1:40.454","16","2 Laps","1 Lap","85","Mazda","Miata","Blue/Green","1999","","","Planet Miata"
"21","3","203","James Mertz","SpecE30","1:41.043","16","2 Laps","13.501","85","BMW","E30","Red","1991","Saylorsburg","PA","StoogeMoe Racing"
"22","4","153","Sam Jadczak","SpecE30","1:39.607","15","3 Laps","1 Lap","80","BMW","325i","Bronze/D.Red","1989","Horsham","PA",""
"23","8","516","Spencer Anderson","Honda Chal 2","1:33.999","12","6 Laps","3 Laps","68","Honda","Civic","Red/Silver","1994","Freeport","NY","#redteam"
"24","4","726","Maxwell Tullman","Spec Miata","1:38.043","11","7 Laps","1 Lap","80","Mazda","Miata","Yellow/Black","1999","","","Flatout Motorsports"
"DNF","DNF","881","Erik Olson","PTB","1:36.617","6","DNF","5 Laps","45","Acura","Integra","White","","","",""
